有均衡化	没有人脸对齐 没有PCA的 人脸识别
dlib::
1   10  0.71
2   9   0.689
3   8   0.714
4   7   0.675
5   6   0.71
6   5   0.729
7   4   0.755
8   3   0.784
9   2   0.733
10  1   0.733
有均衡化	有人脸对齐 没有PCA 的   人脸识别
1   10  0.504
2   9   0.594
3   8   0.69
4   7   0.66
5   6   0.667
6   5   0.695
7   4   0.694
8   3   0.784
9   2   0.733
10  1   0.733
有均衡化	没有人脸对齐 有PCA的    人脸识别
dlib
1   10  0.603
2   9   0.689
3   8   0.703
4   7   0.7
5   6   0.739
6   5   0.746
7   4   0.755
8   3   0.784
9   2   0.733
10  1   0.733
Mat
1   10  0.57
2   9   0.642
3   8   0.67
4   7   0.7
5   6   0.725
6   5   0.729
7   4   0.735
8   3   0.784
9   2   0.733
10  1   0.733
有均衡化	有人脸对齐 有PCA的       人脸识别
1   10  0.479
2   9   0.585
3   8   0.637
4   7   0.6375
5   6   0.667
6   5   0.712
7   4   0.694
8   3   0.757
9   2   0.733
10  1   0.733